0 0.5414710743801653 0.41074380165289254 0.0495247933884297 0.06446280991735534
0 0.5802654958677685 0.45950413223140496 0.024762396694214886 0.033057851239669415
0 0.5125816115702481 0.46859504132231405 0.024762396694214886 0.021487603305785113
0 0.49029545454545453 0.40909090909090906 0.0462231404958677 0.047933884297520636
0 0.5315661157024794 0.5545454545454546 0.016508264462809806 0.031404958677685856
0 0.6768388429752068 0.6231404958677687 0.02641322314049589 0.02644628099173552
0 0.5488997933884298 0.6611570247933883 0.02146074380165281 0.023140495867768465
0 0.5555030991735537 0.6958677685950414 0.028064049586776888 0.01983471074380148
0 0.6405206611570248 0.7768595041322314 0.01980991735537188 0.019834710743801623
0 0.612456611570248 0.6644628099173553 0.046223140495867836 0.05619834710743796
0 0.5744876033057851 0.6074380165289256 0.02971487603305782 0.031404958677685856
0 0.6017262396694215 0.5016528925619835 0.06108057851239671 0.044628099173553724
