0 0.3452024793388429 0.440495867768595 0.02731818181818177 0.044628099173553794
0 0.38555888429752067 0.5041322314049587 0.03849380165289247 0.08264462809917347
0 0.6140382231404959 0.5561983471074381 0.040977272727272404 0.08429752066115713
0 0.5420175619834711 0.6223140495867768 0.040977272727272834 0.07768595041322321
0 0.4743429752066116 0.6652892561983472 0.022351239669421475 0.04132231404958688
0 0.47061776859504134 0.7561983471074378 0.05711983471074383 0.07107438016528916
0 0.4159814049586777 0.793388429752066 0.024834710743801624 0.033057851239669415
0 0.450129132231405 0.8198347107438017 0.013659090909090921 0.026446280991735592
0 0.39176756198347107 0.8239669421487603 0.021109504132231366 0.02809917355371909
0 0.5811322314049586 0.8165289256198346 0.02731818181818191 0.033057851239669415
0 0.7413161157024795 0.7289256198347107 0.034768595041322355 0.04297520661157023
0 0.7878811983471076 0.5586776859504132 0.023592975206611442 0.04958677685950413
0 0.7847768595041322 0.43636363636363634 0.017384297520660966 0.033057851239669415
0 0.3253347107438016 0.540495867768595 0.022351239669421475 0.029752066115702504
0 0.32409297520661157 0.587603305785124 0.014900826446280995 0.031404958677685856
0 0.3358894628099173 0.9371900826446281 0.02855991735537195 0.056198347107438026
0 0.4166022727272727 0.6297520661157026 0.026076446280991733 0.04958677685950406
0 0.40791012396694215 0.7 0.03601033057851247 0.041322314049586736
0 0.40977272727272734 0.9421487603305785 0.032285123966942206 0.029752066115702577
0 0.5140785123966942 0.9041322314049586 0.02731818181818177 0.029752066115702434
0 0.6705371900826447 0.7834710743801654 0.024834710743801766 0.0396694214876031
0 0.6773667355371902 0.6214876033057852 0.026076446280991802 0.033057851239669415
0 0.6587407024793389 0.822314049586777 0.02855991735537195 0.03471074380165291
0 0.584857438016529 0.5123966942148761 0.017384297520661177 0.02644628099173552
0 0.5792696280991736 0.3512396694214876 0.018626033057851286 0.021487603305785113
0 0.5941704545454546 0.31735537190082647 0.023592975206611654 0.029752066115702434
0 0.5277376033057851 0.44710743801652897 0.06457024793388427 0.10082644628099174
0 0.4476456611570248 0.39917355371900826 0.026076446280991802 0.041322314049586736
0 0.7524917355371901 0.8297520661157026 0.027318181818181842 0.033057851239669415
0 0.48924380165289255 0.8371900826446281 0.027318181818181842 0.024793388429751956
0 0.5432592975206612 0.8553719008264463 0.02855991735537188 0.024793388429752098
0 0.391146694214876 0.5677685950413224 0.03973553719008265 0.038016528925619894
