0 0.4661157024793388 0.41652892561983473 0.05289256198347104 0.05289256198347104
0 0.3347107438016529 0.1818181818181818 0.04132231404958677 0.04628099173553718
0 0.5066115702479339 0.6157024793388429 0.031404958677685925 0.041322314049586736
0 0.5462809917355372 0.7355371900826446 0.03471074380165284 0.036363636363636404
0 0.5760330578512396 0.796694214876033 0.03140495867768607 0.039669421487603246
0 0.4768595041322314 0.7644628099173554 0.031404958677685925 0.031404958677685925
0 0.7347107438016529 0.7264462809917356 0.024793388429752098 0.02809917355371894
0 0.3818181818181819 0.6297520661157024 0.02644628099173552 0.023140495867768607
0 0.8355371900826447 0.8991735537190082 0.06776859504132218 0.046280991735537215
0 0.6710743801652893 0.8553719008264463 0.029752066115702577 0.02809917355371894
0 0.6595041322314049 0.6933884297520662 0.02644628099173545 0.028099173553718937
0 0.6066115702479339 0.6950413223140495 0.036363636363636404 0.031404958677685925
0 0.6462809917355372 0.7446280991735538 0.023140495867768607 0.021487603305785113
