0 0.06834051724137932 0.02413793103448276 0.024439655172413782 0.04827586206896552
0 0.10771551724137933 0.16293103448275864 0.03982758620689655 0.09827586206896552
0 0.02806034482758621 0.7422413793103447 0.03258620689655173 0.056896551724137934
0 0.3195258620689656 0.5224137931034483 0.025344827586206903 0.04482758620689651
0 0.45077586206896564 0.45 0.03258620689655174 0.06896551724137936
0 0.5815732758620691 0.1793103448275862 0.02625 0.07931034482758621
0 0.5268103448275863 0.2060344827586207 0.0525 0.11551724137931035
0 0.533146551724138 0.33534482758620693 0.01991379310344833 0.04655172413793103
0 0.5589439655172416 0.43448275862068964 0.037112068965516845 0.14137931034482779
0 0.5888146551724138 0.518103448275862 0.020818965517241425 0.06034482758620683
0 0.6073706896551725 0.4586206896551724 0.012672413793103488 0.034482758620689606
0 0.4982974137931035 0.43275862068965515 0.029870689655172457 0.058620689655172385
0 0.39465517241379316 0.585344827586207 0.027155172413793026 0.0637931034482758
0 0.40325431034482767 0.8284482758620689 0.022629310344827614 0.043103448275862065
0 0.4706896551724138 0.9094827586206897 0.041637931034482774 0.0465517241379311
0 0.45484913793103454 0.975 0.02625 0.029310344827586193
0 0.5087068965517243 0.9491379310344827 0.059741379310344914 0.05
0 0.4964870689655173 0.5413793103448277 0.051594827586206836 0.15517241379310343
0 0.5010129310344829 0.7215517241379311 0.08056034482758619 0.16724137931034483
