0 0.43993737086776863 0.5727272727272726 0.03526924070247937 0.047933884297520636
0 0.5364637138429752 0.7702479338842975 0.027844137396694377 0.046280991735537326
0 0.6343822636880166 0.5776859504132231 0.03434110278925637 0.047933884297520636
0 0.6585138494318181 0.6256198347107438 0.023203447830578483 0.04132231404958688
0 0.5898316438533058 0.5578512396694215 0.019490896177685926 0.038016528925619755
0 0.6970315728305785 0.5768595041322314 0.01485020661157023 0.036363636363636334
0 0.6988878486570249 0.49090909090909096 0.020419034090909064 0.02975206611570258
0 0.7842765366735537 0.47438016528925614 0.02413158574380148 0.04958677685950413
0 0.6682592975206612 0.41074380165289254 0.027844137396694037 0.041322314049586806
0 0.6348463326446282 0.34132231404958674 0.031556689049586736 0.041322314049586806
0 0.5745173682851239 0.4132231404958678 0.018562758264462714 0.033057851239669415
0 0.7118817794421488 0.25289256198347104 0.022275309917355345 0.03966942148760328
0 0.7044566761363638 0.3181818181818182 0.025987861570247902 0.03801652892561979
0 0.7090973657024793 0.11818181818181817 0.018562758264462645 0.03471074380165289
0 0.5694126097623967 0.06776859504132232 0.019490896177685926 0.029752066115702486
0 0.518365024535124 0.16115702479338842 0.01763462035123965 0.031404958677685946
0 0.47984730113636365 0.4958677685950413 0.018562758264462787 0.033057851239669346
0 0.5146524728822315 0.5595041322314049 0.028772275309917317 0.03471074380165291
0 0.555026472107438 0.6528925619834712 0.01670648243801658 0.029752066115702434
0 0.2575582709194215 0.35454545454545455 0.019490896177685926 0.031404958677685925
0 0.2074388236053719 0.49173553719008267 0.015778344524793403 0.024793388429752098
0 0.11416096332644628 0.9404958677685952 0.01113765495867769 0.023140495867768465
0 0.8794106727789257 0.5652892561983471 0.010209517045454674 0.033057851239669415
