0 0.5042757048378063 0.13140495867768595 0.013537602814437761 0.02148760330578513
0 0.5279665097630724 0.14628099173553719 0.02030640422165668 0.018181818181818184
0 0.4941225027269779 0.2024793388429752 0.02030640422165668 0.018181818181818202
0 0.5778864201413115 0.22892561983471077 0.01522980316624249 0.011570247933884267
0 0.5821169210208234 0.2537190082644628 0.01692200351804729 0.014876033057851252
0 0.5838091213726281 0.2735537190082645 0.020306404221656606 0.018181818181818167
0 0.40612808443313253 0.08181818181818182 0.01692200351804722 0.014876033057851243
0 0.36551527598981937 0.14214876033057852 0.013537602814437761 0.02314049586776859
0 0.343516671416358 0.1859504132231405 0.013537602814437761 0.021487603305785113
0 0.3071343638525565 0.22479338842975205 0.011845402462633032 0.02644628099173552
0 0.3367478700091391 0.24297520661157024 0.01692200351804715 0.016528925619834708
0 0.37059187704523344 0.2611570247933885 0.030459606332484977 0.016528925619834708
0 0.46704729709810244 0.2933884297520661 0.020306404221656606 0.02148760330578508
0 0.43658769076561754 0.2818181818181818 0.023690804925265995 0.018181818181818202
0 0.364669175813917 0.5355371900826446 0.02199860457346141 0.019834710743801623
0 0.39428268197049954 0.6041322314049588 0.020306404221656606 0.018181818181818202
0 0.3570542742307957 0.6413223140495867 0.02030640422165668 0.02314049586776875
0 0.3299790686019202 0.6355371900826446 0.02030640422165664 0.018181818181818202
0 0.37651457827655 0.6917355371900826 0.018614203869851877 0.01818181818181813
0 0.4002053832018161 0.696694214876033 0.021998604573461335 0.02809917355371894
0 0.5135828067727322 0.687603305785124 0.01522980316624242 0.019834710743801623
0 0.6337290317508673 0.6264462809917356 0.01522980316624242 0.01983471074380155
0 0.6184992285846248 0.5619834710743803 0.011845402462633032 0.01652892561983478
0 0.536427511522096 0.706611570247934 0.01692200351804722 0.01818181818181827
0 0.5093523058932203 0.33057851239669417 0.01353760281443769 0.013223140495867725
0 0.48481540079205204 0.32148760330578513 0.01522980316624249 0.018181818181818202
0 0.4382798911174222 0.20826446280991737 0.020306404221656606 0.023140495867768607
0 0.4408181916451293 0.23388429752066117 0.011845402462632961 0.021487603305785113
0 0.47043169780171196 0.7041322314049586 0.01692200351804722 0.01652892561983478
0 0.42389618812708213 0.6644628099173553 0.01522980316624242 0.013223140495867796
