0 0.6368615898010793 0.22231404958677686 0.04519122976249463 0.05123966942148762
0 0.5724222436582632 0.27768595041322314 0.05021247751388273 0.039669421487603315
0 0.6812159449383424 0.29008264462809913 0.026779988007404113 0.028099173553719013
0 0.8017258909716611 0.2553719008264463 0.026779988007404113 0.038016528925619825
0 0.7607190343353233 0.3198347107438017 0.048538728263419983 0.04132231404958677
0 0.7540240373334712 0.4413223140495864 0.03514873425971802 0.04628099173553648
0 0.6552728315561697 0.49586776859504134 0.03180123575879243 0.029752066115702434
0 0.5891597361628907 0.6066115702479338 0.04351748051203174 0.0429752066115703
0 0.6619678285580207 0.6115702479338845 0.03180123575879236 0.02644628099173552
0 0.5138410198920667 0.3578512396694215 0.026779988007404113 0.028099173553719013
0 0.43015355736892874 0.39008264462809916 0.026779988007404113 0.02644628099173552
0 0.4452173006230936 0.6595041322314049 0.03682248351018067 0.029752066115702434
0 0.34395547097009677 0.7049586776859503 0.028453737257866863 0.024793388429752098
0 0.45191229762494456 0.7322314049586777 0.056907474515733865 0.03636363636363626
0 0.49710352738743907 0.7537190082644628 0.03347498500925511 0.019834710743801765
0 0.6058972286675183 0.37438016528925616 0.03012748650832961 0.028099173553719013
0 0.6234715957973772 0.33884297520661155 0.025106238756941294 0.029752066115702434
0 0.6368615898010793 0.6570247933884298 0.025106238756941367 0.021487603305785113
0 0.6728471986860285 0.6462809917355372 0.023432489506478617 0.036363636363636334
0 0.8008890163464295 0.4148760330578512 0.02175874025601587 0.023140495867768607
0 0.6887478165654248 0.39917355371900826 0.018411241755090374 0.021487603305785113
