0 0.1920048286749002 0.48925619834710743 0.019862568483610375 0.036363636363636404
0 0.24055777385705887 0.44380165289256196 0.04634599312842422 0.041322314049586806
0 0.42980391246479094 0.16859504132231407 0.018759092456743075 0.05289256198347107
0 0.46180471724394095 0.14545454545454545 0.023172996564212126 0.04628099173553718
0 0.5103576624260997 0.16776859504132233 0.025379948617946582 0.02809917355371903
0 0.5296684928962764 0.14049586776859502 0.015448664376141324 0.02314049586776859
0 0.5567036555545237 0.16363636363636364 0.016552140403008692 0.023140495867768607
0 0.5346341350171789 0.21487603305785122 0.02096604451047753 0.019834710743801658
0 0.3150424056705977 0.171900826446281 0.02979385272541556 0.02644628099173552
0 0.3382154022348098 0.15537190082644628 0.034207756832884545 0.046280991735537194
0 0.47394295353948057 0.42892561983471067 0.08496765406877771 0.11735537190082646
0 0.28469681493174853 0.6049586776859504 0.026483424644813843 0.033057851239669415
0 0.4949089980499582 0.5338842975206611 0.01875909245674315 0.02644628099173552
0 0.4673220973782772 0.3537190082644628 0.02096604451047753 0.033057851239669415
0 0.2830416008914477 0.4520661157024793 0.036414708886619 0.038016528925619825
0 0.2102121831182097 0.3975206611570248 0.04082861299408798 0.047933884297520636
0 0.1897978766211657 0.43719008264462805 0.024276472591079356 0.031404958677685925
0 0.1693835701241217 0.5454545454545454 0.02317299656421209 0.02644628099173552
