0 0.10909090909090909 0.06033057851239669 0.050688705234159775 0.031404958677685946
0 0.4 0.5446280991735537 0.03746556473829202 0.038016528925619825
0 0.47493112947658406 0.5743801652892562 0.033057851239669415 0.041322314049586736
0 0.26005509641873276 0.6785123966942149 0.0661157024793388 0.041322314049586736
0 0.1983471074380165 0.6578512396694215 0.04848484848484848 0.026446280991735592
0 0.13553719008264462 0.715702479338843 0.046280991735537194 0.029752066115702434
0 0.3636363636363636 0.7239669421487603 0.039669421487603315 0.07272727272727281
0 0.3548209366391184 0.6396694214876032 0.039669421487603315 0.03305785123966949
0 0.3118457300275482 0.6570247933884298 0.04628099173553718 0.031404958677685925
0 0.34931129476584016 0.5785123966942148 0.033057851239669415 0.02644628099173552
0 0.3283746556473829 0.6041322314049586 0.026446280991735557 0.021487603305785113
0 0.3955922865013774 0.6429752066115703 0.02424242424242422 0.019834710743801765
0 0.26225895316804404 0.7396694214876033 0.057300275482093606 0.03471074380165305
0 0.20385674931129472 0.8834710743801648 0.07272727272727268 0.04793388429752168
0 0.18953168044077134 0.8462809917355372 0.030853994490358118 0.019834710743801765
