0 0.3974556241176377 0.6016528925619835 0.051775828429117536 0.02644628099173552
0 0.29847242270903057 0.5694214876033058 0.03654764359702419 0.028099173553719013
0 0.4050697165336844 0.5743801652892562 0.030456369664186765 0.01818181818181813
0 0.48425627766057006 0.5892561983471074 0.03654764359702419 0.021487603305785186
0 0.6304468520486667 0.5 0.03654764359702426 0.021487603305785113
0 0.6076045748005267 0.5173553719008265 0.03350200663060541 0.023140495867768535
0 0.6654716771624816 0.5413223140495868 0.05786710236195496 0.021487603305785113
0 0.6213099411494106 0.556198347107438 0.03654764359702412 0.018181818181818202
0 0.6106502117669453 0.5760330578512397 0.03959328056344276 0.021487603305785113
0 0.7872971558192288 0.5644628099173553 0.045684554496280186 0.024793388429752098
0 0.7735917894703447 0.49090909090909096 0.030456369664186696 0.016528925619834708
0 0.8116622515505781 0.4223140495867769 0.03350200663060548 0.021487603305785113
0 0.5436461985057344 0.5355371900826446 0.03350200663060541 0.019834710743801623
0 0.532986469123269 0.556198347107438 0.03654764359702419 0.021487603305785186
0 0.5360321060896877 0.6404958677685951 0.04263891752986147 0.014876033057851288
0 0.8771434463285798 0.6545454545454545 0.03654764359702426 0.01652892561983464
0 0.8345045287987182 0.6016528925619835 0.04873019146269883 0.01983471074380155
0 0.4065925350168937 0.49504132231404946 0.03959328056344283 0.03471074380165283
0 0.34567979568852025 0.5024793388429752 0.03350200663060541 0.023140495867768535
0 0.28933551180977457 0.39917355371900826 0.03654764359702412 0.01818181818181813
0 0.3715677099030789 0.4148760330578512 0.030456369664186765 0.023140495867768607
0 0.385273076251963 0.4396694214876033 0.0213194587649307 0.019834710743801623
0 0.6121730302501546 0.3404958677685951 0.03654764359702412 0.019834710743801623
0 0.5070985549087103 0.31074380165289256 0.03959328056344283 0.023140495867768573
0 0.7157246871083899 0.34049586776859514 0.0426389175298614 0.02644628099173552
0 0.7781602449199727 0.35454545454545455 0.03959328056344276 0.024793388429752098
0 0.6609032217128535 0.5107438016528926 0.0487301914626989 0.016528925619834708
0 0.883234720261417 0.3776859504132231 0.06091273932837353 0.014876033057851288
0 0.8299360733490903 0.384297520661157 0.03350200663060534 0.024793388429752098
0 0.8238447994162529 0.3603305785123967 0.027410732697768198 0.013223140495867796
