0 0.2888495867768595 0.32892561983471075 0.019844628099173534 0.023140495867768607
0 0.25246776859504133 0.36198347107438017 0.017639669421487626 0.029752066115702434
0 0.28554214876033057 0.371900826446281 0.019844628099173568 0.029752066115702434
0 0.37815041322314047 0.352892561983471 0.017639669421487626 0.02479338842975203
0 0.20285619834710744 0.3132231404958678 0.019844628099173565 0.03140495867768596
0 0.04465041322314049 0.4132231404958678 0.01653719008264463 0.033057851239669415
0 0.1692305785123967 0.5123966942148761 0.01212727272727271 0.02644628099173552
0 0.2243545454545455 0.6338842975206611 0.02315206611570251 0.024793388429752098
0 0.32688512396694214 0.7404958677685951 0.04079173553719013 0.039669421487603385
0 0.396892561983471 0.8289256198347108 0.035279338842975176 0.03140495867768607
0 0.4145322314049588 0.8438016528925621 0.013229752066115666 0.021487603305785256
