0 0.521822279898914 0.0834710743801653 0.04371286114336463 0.021487603305785124
0 0.8414725770097672 0.24462809917355371 0.049176968786285045 0.02644628099173552
0 0.8633290075814495 0.21322314049586777 0.03824875350044408 0.023140495867768607
0 0.7540468547230381 0.10826446280991736 0.03824875350044394 0.024793388429752063
0 0.4029779386653917 0.20082644628099175 0.024588484393142523 0.021487603305785113
0 0.34833686223618604 0.05206611570247934 0.035516699678983625 0.018181818181818184
0 0.08469366846526878 0.18429752066115704 0.032784645857523394 0.021487603305785113
0 0.12294242196571274 0.228099173553719 0.027320538214602834 0.02644628099173552
0 0.19534184823441028 0.671900826446281 0.030052592036063114 0.021487603305785113
0 0.18441363294856905 0.6975206611570247 0.03005259203606311 0.026446280991735592
0 0.15845912164469642 0.7148760330578512 0.027320538214602834 0.014876033057851288
0 0.8633290075814495 0.6289256198347107 0.03824875350044408 0.024793388429751956
0 0.8851854381531317 0.6859504132231404 0.06010518407212629 0.029752066115702434
0 0.6529608633290076 0.9099173553719008 0.03278464585752339 0.01487603305785143
0 0.28140154361040914 0.8975206611570248 0.03824875350044394 0.01652892561983464
