0 0.2115702479338843 0.509090909090909 0.02644628099173552 0.02644628099173552
0 0.2181818181818182 0.5305785123966942 0.057300275482093675 0.023140495867768607
0 0.16528925619834708 0.5454545454545454 0.026446280991735557 0.023140495867768607
0 0.1829201101928375 0.5628099173553719 0.02644628099173552 0.028099173553718937
0 0.2391184573002755 0.46446280991735533 0.024242424242424256 0.019834710743801692
0 0.2820936639118457 0.41735537190082644 0.02203856749311292 0.021487603305785113
0 0.2391184573002755 0.3768595041322314 0.03746556473829198 0.05289256198347104
0 0.19173553719008266 0.2628099173553719 0.039669421487603315 0.02975206611570247
0 0.24132231404958682 0.2537190082644628 0.019834710743801658 0.031404958677685994
0 0.1862258953168044 0.2049586776859504 0.019834710743801623 0.023140495867768607
0 0.07493112947658402 0.5446280991735537 0.0396694214876033 0.041322314049586806
0 0.1256198347107438 0.6074380165289256 0.057300275482093654 0.041322314049586736
0 0.06942148760330578 0.6190082644628099 0.06831955922865013 0.044628099173553724
0 0.03746556473829202 0.6652892561983471 0.03526170798898072 0.021487603305785113
0 0.03305785123966942 0.6884297520661157 0.0440771349862259 0.024793388429752098
0 0.21487603305785125 0.6495867768595042 0.04187327823691461 0.029752066115702434
0 0.19063360881542699 0.5950413223140496 0.03746556473829202 0.023140495867768607
0 0.1619834710743802 0.7900826446280991 0.03746556473829202 0.02644628099173545
0 0.2049586776859504 0.8082644628099175 0.02644628099173552 0.023140495867768465
0 0.19614325068870525 0.687603305785124 0.03526170798898072 0.019834710743801623
0 0.14104683195592285 0.6446280991735537 0.02203856749311296 0.013223140495867654
0 0.14545454545454545 0.6900826446280991 0.02203856749311296 0.011570247933884304
0 0.15647382920110195 0.6694214876033058 0.026446280991735557 0.01652892561983464
0 0.0815426997245179 0.6611570247933883 0.0440771349862259 0.029752066115702434
0 0.3239669421487604 0.6355371900826446 0.022038567493112993 0.021487603305785113
0 0.2699724517906336 0.6190082644628099 0.05950413223140497 0.03471074380165284
0 0.4495867768595042 0.6223140495867768 0.02203856749311292 0.047933884297520636
0 0.4066115702479339 0.6504132231404958 0.04187327823691461 0.024793388429751956
0 0.3371900826446281 0.6735537190082644 0.022038567493112993 0.021487603305785113
0 0.3933884297520661 0.6892561983471075 0.033057851239669415 0.023140495867768607
0 0.13884297520661157 0.7611570247933883 0.04407713498622592 0.021487603305785256
