0 0.5196348511856533 0.6057851239669422 0.10111813320369471 0.06776859504132225
0 0.47750229568411384 0.5297520661157025 0.0617944147355913 0.03471074380165298
0 0.7106357694592988 0.5595041322314049 0.05617674066871928 0.03471074380165291
0 0.3623399773132394 0.6231404958677687 0.044941392534975436 0.029752066115702577
0 0.40447253281477885 0.684297520661157 0.03932371846810348 0.019834710743801765
0 0.2907146329606223 0.7190082644628099 0.09269162210338677 0.06280991735537185
0 0.47328904013396 0.3685950413223141 0.07022092583589917 0.039669421487603315
0 0.37778858099713714 0.30082644628099175 0.07583859990277105 0.03966942148760328
0 0.3679576513801113 0.33884297520661155 0.05617674066871928 0.023140495867768607
0 0.4845243882677038 0.29421487603305785 0.03651488143466757 0.019834710743801623
0 0.29773672554421216 0.2297520661157025 0.05055906660184739 0.02975206611570247
0 0.702209258358991 0.8438016528925621 0.10673580727056674 0.038016528925619894
0 0.43396532166585644 0.8429752066115702 0.04775022956841141 0.019834710743801623
0 0.7499594879274024 0.6479338842975207 0.06741208880246319 0.039669421487603315
0 0.7317020472100686 0.6958677685950413 0.05336790363528337 0.023140495867768607
0 0.7597904175444282 0.7404958677685951 0.09269162210338693 0.046280991735537354
