0 0.4782369146005509 0.1140495867768595 0.02203856749311292 0.026446280991735537
0 0.39008264462809916 0.16033057851239668 0.02644628099173552 0.029752066115702486
0 0.43415977961432506 0.22644628099173553 0.039669421487603315 0.04297520661157026
0 0.47052341597796143 0.19173553719008266 0.02865013774104682 0.02644628099173552
0 0.4925619834710744 0.22892561983471077 0.033057851239669415 0.02809917355371898
0 0.4650137741046832 0.2644628099173553 0.02644628099173552 0.019834710743801658
0 0.4672176308539944 0.3 0.039669421487603315 0.044628099173553724
0 0.4231404958677686 0.33057851239669417 0.03085399449035819 0.02644628099173552
0 0.5289256198347106 0.3190082644628099 0.039669421487603315 0.04958677685950413
0 0.5961432506887052 0.25619834710743805 0.05068870523415981 0.03305785123966938
0 0.5796143250688705 0.2132231404958678 0.02644628099173552 0.02975206611570247
0 0.5256198347107438 0.26033057851239666 0.028650137741046747 0.02148760330578508
0 0.6831955922865015 0.49917355371900823 0.05730027548209378 0.039669421487603246
0 0.6710743801652892 0.3628099173553718 0.024242424242424364 0.02479338842975203
0 0.7162534435261709 0.41239669421487607 0.02203856749311285 0.02479338842975203
0 0.4947658402203857 0.33719008264462813 0.03746556473829195 0.04297520661157026
0 0.8826446280991734 0.41239669421487607 0.033057851239669415 0.031404958677685925
0 0.7008264462809918 0.3429752066115702 0.04848484848484844 0.038016528925619825
0 0.5972451790633609 0.3198347107438016 0.035261707988980644 0.028099173553719048
0 0.553168044077135 0.3917355371900827 0.02644628099173552 0.023140495867768535
0 0.6071625344352617 0.45454545454545453 0.02424242424242415 0.02644628099173552
0 0.5961432506887052 0.5140495867768595 0.02865013774104682 0.029752066115702504
0 0.5542699724517907 0.7008264462809916 0.02424242424242429 0.01652892561983478
0 0.6798898071625346 0.7355371900826446 0.033057851239669415 0.023140495867768607
