0 0.8903581267217632 0.4173553719008264 0.039669421487603385 0.031404958677685994
0 0.606060606060606 0.38016528925619836 0.04848484848484844 0.039669421487603315
0 0.6567493112947659 0.456198347107438 0.035261707988980644 0.02644628099173552
0 0.6369146005509642 0.4884297520661157 0.03526170798898079 0.028099173553719013
0 0.755922865013774 0.4462809917355372 0.03085399449035819 0.02644628099173552
0 0.8727272727272728 0.5173553719008265 0.039669421487603385 0.029752066115702504
0 0.7493112947658402 0.8082644628099174 0.039669421487603246 0.046280991735537215
0 0.49917355371900823 0.6859504132231404 0.04187327823691454 0.029752066115702434
0 0.47382920110192844 0.6454545454545455 0.02644628099173552 0.021487603305785113
0 0.37906336088154274 0.387603305785124 0.030853994490358118 0.031404958677685925
0 0.47382920110192844 0.19256198347107437 0.02644628099173552 0.04132231404958677
0 0.5994490358126722 0.1 0.02644628099173566 0.018181818181818184
0 0.6699724517906336 0.4809917355371901 0.03085399449035805 0.019834710743801692
