0 0.7785123966942149 0.13884297520661157 0.04297520661157023 0.033057851239669415
0 0.5355371900826447 0.12809917355371903 0.023140495867768607 0.024793388429752063
0 0.37603305785123964 0.3776859504132231 0.018181818181818202 0.038016528925619894
0 0.5239669421487604 0.5479338842975207 0.033057851239669415 0.01818181818181813
0 0.531404958677686 0.5785123966942151 0.021487603305785113 0.019834710743801623
0 0.6710743801652893 0.540495867768595 0.02644628099173545 0.02644628099173566
0 0.902479338842975 0.32727272727272727 0.033057851239669415 0.02975206611570247
0 0.40495867768595045 0.6859504132231404 0.016528925619834708 0.019834710743801623
0 0.4 0.5710743801652893 0.023140495867768607 0.02479338842975203
0 0.39586776859504136 0.4603305785123968 0.021487603305785113 0.02479338842975203
0 0.37603305785123964 0.49752066115702476 0.021487603305785113 0.023140495867768607
0 0.4066115702479338 0.7859504132231404 0.029752066115702504 0.021487603305785256
0 0.45289256198347105 0.815702479338843 0.029752066115702427 0.03140495867768607
0 0.46859504132231405 0.8016528925619835 0.014876033057851217 0.023140495867768607
0 0.48760330578512395 0.8041322314049587 0.023140495867768607 0.021487603305785113
0 0.3966942148760332 0.8578512396694216 0.023140495867768535 0.019834710743801623
0 0.4115702479338843 0.8611570247933884 0.019834710743801692 0.01652892561983464
0 0.4132231404958677 0.8834710743801654 0.023140495867768607 0.021487603305785256
