0 0.5835643210239247 0.5768595041322314 0.047387177947807405 0.029752066115702504
0 0.5967274260094269 0.6247933884297521 0.03159145196520491 0.02644628099173566
0 0.5976049663417936 0.6677685950413224 0.029836371300471357 0.019834710743801623
0 0.555483030388187 0.6950413223140495 0.043877016618340224 0.031404958677685925
0 0.4958102877872443 0.6661157024793389 0.029836371300471284 0.026446280991735585
0 0.465973916486773 0.6272727272727272 0.029836371300471357 0.047933884297520636
0 0.5396873044055845 0.6289256198347107 0.050897339277274654 0.054545454545454536
0 0.20095673611199813 0.4900826446280992 0.029836371300471322 0.021487603305785113
0 0.19569149411779732 0.456198347107438 0.022816048641536923 0.02644628099173552
0 0.15795725982602474 0.5421487603305786 0.07020322658934434 0.036363636363636404
0 0.12373318686371938 0.49256198347107444 0.047387177947807405 0.023140495867768535
0 0.03773423429177258 0.5157024793388431 0.022816048641536916 0.039669421487603315
0 0.07897862991301238 0.48925619834710743 0.03159145196520496 0.026446280991735592
0 0.33171024563465196 0.5867768595041323 0.021060967976803367 0.029752066115702434
0 0.3782198832500926 0.6851239669421487 0.022816048641536923 0.021487603305785113
0 0.5572381110529205 0.7735537190082644 0.026326209971004103 0.02644628099173545
0 0.6019926680036276 0.7504132231404959 0.021060967976803298 0.019834710743801765
0 0.7555622261678184 0.7586776859504133 0.029836371300471284 0.029752066115702434
0 0.11495778354005136 0.6214876033057851 0.022816048641536905 0.01652892561983464
0 0.11934548520188536 0.6677685950413224 0.017550806647336083 0.013223140495867654
0 0.05791766193620908 0.6487603305785123 0.021060967976803298 0.011570247933884304
0 0.07371338791881155 0.5801652892561984 0.035101613294672165 0.036363636363636404
0 0.708175048220011 0.6396694214876032 0.01930588731206953 0.023140495867768535
0 0.5010755297814451 0.5669421487603306 0.026326209971004103 0.019834710743801623
0 0.6291964183069986 0.8041322314049586 0.022816048641537065 0.01818181818181827
0 0.3203022213138836 0.26694214876033057 0.029836371300471357 0.02148760330578515
0 0.2518540753892728 0.2694214876033058 0.019305887312069742 0.023140495867768607
0 0.38699528657376064 0.10330578512396695 0.019305887312069673 0.028099173553718996
0 0.28607814835157813 0.15867768595041323 0.02808129063573773 0.01983471074380164
0 0.23518080907430353 0.03966942148760331 0.017550806647336083 0.016528925619834708
0 0.8582344450547345 0.5760330578512396 0.014040645317868866 0.024793388429752098
0 0.8073371057774598 0.6512396694214877 0.010530483988401612 0.02644628099173545
0 0.7827659764711892 0.7429752066115702 0.017550806647336117 0.021487603305785113
0 0.8003167831185253 0.743801652892562 0.010530483988401612 0.019834710743801623
0 0.7511745245059843 0.7950413223140496 0.021060967976803225 0.023140495867768607
