0 0.5511363636363636 0.5107438016528927 0.03409090909090907 0.039669421487603385
0 0.5743801652892562 0.5669421487603306 0.04752066115702476 0.05619834710743796
0 0.6322314049586777 0.6181818181818182 0.061983471074379966 0.11900826446280988
0 0.5123966942148761 0.6272727272727273 0.051652892561983424 0.0677685950413224
0 0.547004132231405 0.731404958677686 0.02789256198347111 0.044628099173553724
0 0.6647727272727272 0.7702479338842976 0.03409090909090907 0.046280991735537215
0 0.45764462809917356 0.7099173553719008 0.041322314049586736 0.06115702479338836
0 0.38429752066115697 0.9289256198347107 0.03719008264462808 0.046280991735537215
0 0.3078512396694215 0.9049586776859505 0.03512396694214875 0.038016528925619894
0 0.33626033057851246 0.9487603305785123 0.02789256198347111 0.04297520661157037
0 0.06973140495867768 0.775206611570248 0.011363636363636367 0.033057851239669415
