0 0.721763085399449 0.4644628099173554 0.05509641873278227 0.033057851239669415
0 0.5785123966942148 0.403305785123967 0.02865013774104689 0.02644628099173552
0 0.609366391184573 0.45289256198347105 0.033057851239669415 0.02644628099173552
0 0.5487603305785125 0.45041322314049587 0.02644628099173552 0.024793388429752098
0 0.527823691460055 0.4 0.03746556473829209 0.033057851239669415
0 0.5057851239669422 0.3537190082644628 0.019834710743801692 0.016528925619834708
0 0.4121212121212121 0.43388429752066116 0.04848484848484844 0.041322314049586736
0 0.49476584022038567 0.4429752066115703 0.05950413223140494 0.023140495867768607
0 0.5024793388429752 0.5322314049586777 0.039669421487603315 0.02644628099173552
0 0.7515151515151515 0.724793388429752 0.06611570247933883 0.028099173553719083
0 0.3867768595041322 0.48264462809917363 0.019834710743801692 0.019834710743801692
0 0.4088154269972452 0.5520661157024794 0.02424242424242422 0.02644628099173552
0 0.440771349862259 0.5305785123966942 0.02644628099173552 0.029752066115702434
