0 0.3640482832338296 0.6859504132231404 0.029517428370310482 0.02975206611570258
0 0.30091378366399874 0.7082644628099176 0.04427614255546576 0.041322314049586736
0 0.4116041400526631 0.7173553719008262 0.03279714263367836 0.033057851239669415
0 0.43456213989623793 0.7471074380165291 0.029517428370310555 0.023140495867768607
0 0.47309878249081 0.6735537190082644 0.07051385666240848 0.054545454545454536
0 0.5050759965586464 0.8347107438016529 0.026237714106942603 0.023140495867768607
0 0.6985791380973484 0.9008264462809916 0.026237714106942745 0.04297520661157037
0 0.4362019970279219 0.5115702479338844 0.029517428370310555 0.038016528925619825
0 0.40258492582840155 0.5900826446280992 0.03443699976536223 0.029752066115702577
0 0.6083869958547331 0.07768595041322314 0.026237714106942603 0.04958677685950413
