0 0.46060606060606063 0.21322314049586777 0.03526170798898072 0.023140495867768607
0 0.46170798898071624 0.23884297520661157 0.03746556473829202 0.018181818181818202
0 0.437465564738292 0.28264462809917357 0.02424242424242429 0.02975206611570247
0 0.527823691460055 0.1933884297520661 0.02424242424242429 0.023140495867768573
0 0.4539944903581267 0.13636363636363635 0.02644628099173545 0.021487603305785113
0 0.3867768595041322 0.22644628099173553 0.03746556473829209 0.02975206611570247
0 0.4308539944903581 0.3776859504132231 0.04187327823691461 0.02809917355371894
0 0.46391184573002753 0.40909090909090906 0.02865013774104682 0.02479338842975203
0 0.5068870523415978 0.403305785123967 0.030853994490358118 0.019834710743801692
0 0.5201101928374656 0.25289256198347104 0.02644628099173552 0.023140495867768573
0 0.5685950413223141 0.25702479338842976 0.04848484848484851 0.031404958677685925
0 0.3184573002754821 0.2330578512396694 0.02865013774104682 0.023140495867768607
0 0.3570247933884298 0.2520661157024794 0.02203856749311292 0.024793388429752063
0 0.456198347107438 0.7305785123966941 0.02644628099173552 0.019834710743801623
0 0.3460055096418733 0.7380165289256198 0.052892561983471115 0.031404958677685925
0 0.5223140495867769 0.3148760330578512 0.013223140495867796 0.018181818181818236
0 0.4815426997245179 0.33223140495867765 0.019834710743801623 0.016528925619834708
0 0.515702479338843 0.340495867768595 0.022038567493112993 0.013223140495867725
0 0.5531680440771349 0.32231404958677684 0.017630853994490395 0.023140495867768607
0 0.5608815426997245 0.15867768595041323 0.019834710743801623 0.016528925619834708
0 0.5972451790633609 0.1785123966942149 0.02644628099173552 0.019834710743801658
0 0.5917355371900826 0.2049586776859504 0.02865013774104689 0.019834710743801658
0 0.403305785123967 0.027272727272727275 0.02644628099173552 0.03471074380165289
0 0.3724517906336088 0.1024793388429752 0.030853994490358118 0.016528925619834708
0 0.2931129476584022 0.12892561983471074 0.02644628099173552 0.023140495867768607
0 0.26887052341597795 0.19008264462809918 0.03966942148760328 0.033057851239669415
0 0.2909090909090909 0.2743801652892562 0.04848484848484844 0.02644628099173552
0 0.3977961432506887 0.28760330578512394 0.02865013774104682 0.023140495867768642
0 0.4385674931129476 0.3181818181818182 0.017630853994490322 0.018181818181818202
