0 0.5262539817682722 0.0809917355371901 0.04403799010613149 0.03636363636363637
0 0.3357896745592532 0.02892561983471074 0.03302849257959867 0.021487603305785124
0 0.31046783024822744 0.09090909090909091 0.030826593074292072 0.016528925619834708
0 0.28184313667924193 0.12231404958677686 0.026422794063678944 0.016528925619834708
0 0.34349632282782616 0.1867768595041322 0.048441789116744724 0.02975206611570247
0 0.47010554438295443 0.24462809917355371 0.0330284925795987 0.033057851239669415
0 0.445884649824582 0.3090909090909091 0.03743229159021183 0.033057851239669415
0 0.430471353287436 0.35537190082644626 0.01981709554775918 0.016528925619834708
0 0.36001056911762547 0.29090909090909095 0.028624693568985508 0.019834710743801658
0 0.3897362124392643 0.25785123966942153 0.02642279406367891 0.019834710743801658
0 0.529556831026232 0.33223140495867765 0.02422089455837238 0.02644628099173552
0 0.48661979067275374 0.37272727272727274 0.030826593074292107 0.024793388429752098
0 0.47340839364091425 0.42809917355371896 0.02201899505306578 0.016528925619834708
0 0.2774393376686288 0.4264462809917356 0.048441789116744655 0.02644628099173552
0 0.3644143681282387 0.4661157024793388 0.028624693568985508 0.019834710743801623
0 0.22679564904657754 0.5008264462809917 0.04403799010613156 0.023140495867768535
0 0.1915652569616723 0.5256198347107438 0.044037990106131526 0.02644628099173566
0 0.2488146440996433 0.5619834710743803 0.04403799010613156 0.01652892561983478
0 0.13211397031839467 0.5735537190082645 0.06165318614858416 0.023140495867768535
0 0.13431586982370125 0.5966942148760331 0.052845588127357866 0.019834710743801623
0 0.18495955844575257 0.6123966942148761 0.03523039208490527 0.024793388429752098
0 0.09688357823348945 0.6330578512396694 0.03523039208490525 0.019834710743801692
0 0.21358425201473807 0.46033057851239667 0.035230392084905235 0.021487603305785113
0 0.24110799583107023 0.33057851239669417 0.037432291590211796 0.019834710743801692
0 0.2466127445943367 0.2966942148760331 0.05724938713797105 0.03140495867768596
0 0.1772529101771795 0.3165289256198347 0.028624693568985542 0.024793388429752098
0 0.13982061858696768 0.4099173553719008 0.04623988961143812 0.04958677685950406
0 0.1805557594351394 0.24380165289256198 0.02201899505306578 0.02479338842975203
0 0.1222054225445151 0.19008264462809918 0.03743229159021183 0.02975206611570247
0 0.3589096193649722 0.33057851239669417 0.017615196042452652 0.019834710743801692
0 0.3258811267853735 0.36198347107438017 0.022018995053065746 0.016528925619834708
0 0.3412944233225195 0.3867768595041322 0.017615196042452652 0.016528925619834708
0 0.41946185576090306 0.5685950413223141 0.01981709554775918 0.013223140495867725
0 0.2201899505306578 0.6661157024793388 0.03523039208490527 0.01652892561983464
0 0.24220894558372358 0.6479338842975207 0.030826593074292072 0.016528925619834708
0 0.22239185003596437 0.6239669421487603 0.017615196042452652 0.011570247933884304
0 0.2829440864318953 0.4809917355371901 0.019817095547759143 0.016528925619834708
0 0.27633838791597554 0.3611570247933884 0.028624693568985508 0.014876033057851288
0 0.22899754855188412 0.3495867768595041 0.022018995053065815 0.011570247933884304
0 0.3027611819796545 0.6239669421487604 0.04183609060082496 0.018181818181818202
0 0.3567077198596656 0.5768595041322314 0.030826593074292107 0.01652892561983464
0 0.3445972725804795 0.6049586776859504 0.01981709554775925 0.019834710743801623
0 0.312669729753534 0.6049586776859504 0.022018995053065815 0.019834710743801623
0 0.23560324706780386 0.5198347107438016 0.026422794063678944 0.014876033057851217
0 0.3247801770327202 0.5181818181818182 0.024220894558372345 0.00826446280991732
0 0.23670419682045715 0.38595041322314055 0.0330284925795987 0.024793388429752098
0 0.3104678302482275 0.27520661157024795 0.026422794063678978 0.02148760330578515
0 0.3941400114498774 0.40909090909090906 0.013211397031839454 0.011570247933884375
0 0.4117552074923301 0.3768595041322314 0.017615196042452652 0.013223140495867796
