0 0.6727272727272726 0.1669421487603306 0.07272727272727274 0.06280991735537192
0 0.5545454545454546 0.07355371900826446 0.041322314049586736 0.04132231404958677
0 0.6033057851239669 0.20991735537190082 0.029752066115702434 0.023140495867768573
0 0.5239669421487604 0.15454545454545454 0.039669421487603315 0.028099173553718996
0 0.5743801652892562 0.2909090909090909 0.047933884297520706 0.033057851239669415
0 0.3834710743801653 0.3628099173553718 0.1421487603305785 0.14049586776859507
0 0.36198347107438017 0.5826446280991735 0.06611570247933883 0.0743801652892563
0 0.2991735537190083 0.7545454545454545 0.07933884297520663 0.051239669421487694
0 0.5165289256198347 0.8644628099173554 0.06446280991735541 0.029752066115702577
0 0.7710743801652893 0.7942148760330577 0.03140495867768607 0.03140495867768607
0 0.25289256198347104 0.5239669421487604 0.04628099173553718 0.02644628099173552
